775 (2)
825 (3)
825, 834 (2)
834 (2)
39 (2)
704 (2)
825 (3)
825, 834 (2)
834 (2)
674 (2)
733 (2)
39 (2)
704 (2)
825 (3)
895 (2)
229 (2)
708 (2)
766 (3)
766, 853 (2)
853 (3)
883 (2)
104 (2)
569 (2)
350 (2)
529 (3)
883 (2)
227 (2)
71 (2)
208 (2)
279 (2)
496 (2)
529 (3)
597 (2)
674 (2)
675 (2)
217 (2)
496 (2)
529 (3)
177 (2)
597 (2)
766 (3)
853 (3)
461 (2)
569 (2)
104 (2)
104, 177, 733, 775 (2)
177 (2)
733 (2)
775 (2)
229 (2)
350 (2)
461 (2)
675 (2)
71 (2)
208 (2)
217 (2)
279 (2)
766 (3)
766, 853 (2)
853 (3)
227 (2)
708 (2)
895 (2)
