217 546 923 947 (564)
296 368 829 (501)
57 362 (538)
57 368 (568)
581 631 (580)
4 373 716 (531)
591 (1241)
590 (814)
593 (2601)
595 (797)
594 (1516)
597 (2883)
598 (3219)
350 579 803 (565)
21 413 793 857 (664)
438 (4511)
436 (589)
432 (985)
430 (580)
460 684 (619)
208 969 (806)
105 494 944 (557)
217 546 661 947 (572)
346 515 (849)
494 541 631 (554)
227 390 (1049)
210 829 (508)
487 510 (646)
579 803 842 (570)
52 598 (539)
522 617 (622)
90 793 (519)
66 (888)
217 923 (625)
815 944 (626)
143 919 (564)
290 458 (786)
769 (1622)
762 (792)
763 (1862)
760 (698)
766 (6265)
765 (1705)
470 534 (764)
90 620 (550)
12 390 722 (629)
429 (1037)
428 (1021)
421 (656)
423 (1412)
422 (1255)
424 (1448)
427 (1856)
208 458 888 (757)
878 (2047)
874 (2237)
871 (2810)
494 815 862 (546)
57 937 (782)
38 918 (506)
413 793 (766)
812 (1518)
815 (1358)
21 57 (661)
494 631 963 (546)
33 217 283 346 (766)
381 (2959)
383 (668)
385 (1676)
388 (938)
217 487 (546)
177 775 (510)
72 541 (846)
883 978 (601)
350 803 (634)
120 309 (502)
350 572 579 842 (528)
775 (3771)
774 (2046)
771 (505)
778 (2514)
529 (7057)
143 481 (558)
450 937 (561)
82 (674)
80 (826)
85 (1555)
707 867 (504)
392 461 (502)
692 (4993)
690 (778)
401 460 (554)
75 438 (772)
414 (1160)
415 (877)
417 (971)
411 (2047)
412 (517)
413 (2637)
419 (5057)
678 960 (669)
33 283 515 (786)
105 494 862 944 (507)
413 857 (731)
75 325 (500)
175 834 (543)
192 888 (534)
296 (2210)
32 947 (720)
33 217 346 515 (764)
862 (3649)
867 (1530)
192 487 (517)
205 529 (554)
392 (2420)
390 (2685)
395 (990)
394 (1145)
192 487 935 (500)
368 438 (518)
120 593 (642)
793 984 (656)
158 583 (639)
348 912 (562)
461 569 (500)
185 678 (664)
438 684 (825)
151 (2611)
740 (1632)
742 (953)
744 (2177)
745 (909)
746 (1982)
749 (1330)
120 862 (665)
688 (1132)
684 (5408)
686 (1495)
682 (4132)
105 815 862 (547)
214 354 (775)
120 620 (511)
708 883 978 (542)
598 782 (800)
623 795 853 (720)
21 793 857 (695)
309 793 (507)
407 (634)
406 (785)
405 (1525)
403 (1722)
401 (3667)
409 (651)
408 (607)
481 919 (536)
572 842 (592)
572 579 803 (559)
631 963 (591)
346 561 (666)
54 944 (640)
854 (2847)
857 (1588)
851 (577)
852 (538)
853 (1804)
858 (866)
859 (1242)
774 883 (557)
354 583 617 (586)
888 935 (535)
240 956 (524)
132 688 (580)
368 937 (701)
583 617 (631)
296 829 (736)
27 58 (537)
368 682 (1193)
120 593 862 (572)
825 879 (537)
33 217 283 (793)
33 217 515 (789)
753 (578)
752 (2578)
546 661 (610)
759 (788)
758 (2860)
39 825 (1187)
208 290 888 969 (734)
593 862 895 (573)
350 579 842 (562)
401 758 (604)
494 883 (671)
472 (2125)
470 (4137)
471 (2894)
477 (2462)
474 (815)
475 (663)
478 (522)
158 583 617 (590)
494 541 963 (549)
350 572 579 (557)
988 (1164)
980 (899)
981 (1542)
419 797 (622)
33 217 346 (802)
460 919 (591)
844 (2814)
843 (1222)
842 (752)
841 (1927)
242 392 (524)
620 793 (519)
120 132 (512)
572 803 842 (562)
208 290 458 969 (719)
75 (3151)
73 (2179)
72 (2852)
71 (3507)
78 (2471)
989 (1289)
403 950 (541)
982 (1640)
984 (1756)
216 (525)
217 (5375)
212 (778)
213 (522)
210 (2009)
368 692 (928)
90 510 (510)
661 923 (623)
290 888 969 (765)
290 888 (826)
41 541 (589)
32 285 947 (609)
39 704 (1107)
845 (585)
469 (1502)
468 (1089)
464 (848)
467 (742)
461 (1498)
27 354 (529)
350 411 572 579 (529)
684 766 (613)
373 716 (585)
12 120 (503)
111 (1171)
868 (510)
995 (1521)
991 (1268)
992 (1116)
998 (2713)
510 793 (535)
746 966 (618)
833 (629)
831 (852)
834 (1373)
835 (732)
838 (953)
839 (854)
33 283 346 (802)
855 (939)
6 676 (769)
385 684 (639)
546 923 947 (584)
572 579 842 (558)
546 923 (600)
201 (1029)
203 (861)
205 (3605)
204 (2174)
207 (1214)
208 (1483)
105 815 944 (566)
911 (586)
470 995 (754)
350 842 (601)
350 572 579 803 (528)
21 857 (729)
283 346 515 (806)
657 (506)
653 (2634)
658 (1881)
659 (835)
105 494 815 (552)
458 (1124)
450 (2082)
456 (804)
192 935 (775)
6 32 472 (545)
185 678 960 (652)
208 290 (803)
70 (2411)
893 (1947)
895 (3385)
54 998 (637)
828 (542)
825 (3085)
824 (565)
820 (1473)
368 766 (504)
175 910 (713)
120 793 (547)
154 168 (574)
183 766 (608)
239 (2742)
234 (1416)
236 (2618)
192 638 935 (504)
285 871 (523)
411 572 579 803 842 (507)
719 (663)
185 471 678 (657)
788 956 (733)
120 829 (575)
569 801 (503)
458 888 969 (756)
217 923 947 (583)
39 368 (565)
641 (1494)
642 (830)
645 (581)
649 (1292)
789 829 (1194)
494 944 (654)
105 494 862 (549)
217 546 923 (576)
214 (1893)
215 (781)
350 411 572 579 803 (504)
449 (1890)
448 (1370)
440 (1943)
447 (863)
823 (1031)
68 (1601)
69 (2370)
39 145 (734)
158 354 583 (595)
349 888 (530)
33 283 (845)
819 (1257)
810 (1267)
814 (1672)
815 862 (615)
634 (2492)
236 541 (510)
183 366 (616)
229 (2281)
227 (1818)
226 (658)
224 (919)
220 (717)
229 758 (516)
12 227 722 (609)
814 829 (501)
438 966 (676)
12 390 (687)
765 819 (787)
217 283 (926)
38 362 (617)
33 346 515 (797)
678 (1329)
674 (2527)
676 (2717)
672 (743)
546 661 923 (592)
354 752 (548)
631 735 (535)
471 678 960 (658)
217 283 346 515 (773)
704 884 (540)
803 842 (607)
285 (2600)
290 (1793)
809 (2163)
803 (2237)
801 (835)
800 (1916)
805 (1789)
804 (1315)
0 (594)
411 572 803 842 (535)
448 887 (621)
4 373 (572)
673 (1635)
708 883 (609)
105 815 (616)
606 975 (682)
21 793 (765)
259 (1522)
252 (781)
256 (785)
923 947 (859)
242 489 (526)
494 893 (572)
460 481 (526)
167 (625)
471 871 (643)
346 888 (689)
665 (1297)
70 765 (789)
350 411 579 842 (533)
494 963 (611)
571 623 853 (713)
315 (533)
368 494 (860)
392 489 (866)
392 801 (664)
967 (1695)
368 (7828)
369 (592)
366 (1031)
364 (567)
362 (4388)
361 (1104)
529 598 782 (737)
731 (560)
471 663 (633)
33 217 283 515 (755)
350 572 842 (561)
158 354 583 617 (557)
392 569 (535)
960 (2732)
419 854 (519)
368 829 (1194)
854 899 (539)
258 (1036)
368 653 (548)
487 888 (558)
208 458 (796)
546 661 923 947 (578)
39 704 825 (1035)
217 546 661 (585)
411 572 803 (567)
571 795 (838)
208 290 969 (764)
793 914 (568)
241 (784)
240 (1399)
242 (2325)
249 (615)
684 923 (514)
217 394 (543)
534 995 (750)
183 (3883)
187 (759)
188 (650)
242 471 (685)
494 862 (720)
120 593 862 895 (562)
684 819 (800)
33 217 283 346 515 (732)
58 (1330)
55 (1959)
54 (2595)
57 (2743)
51 (1612)
53 (535)
52 (1983)
1 (1535)
75 684 (797)
618 (1337)
611 (1444)
617 (2614)
614 (3134)
674 720 (537)
684 765 (812)
12 227 (657)
290 458 888 (750)
499 (743)
494 (5102)
496 (1428)
490 (1066)
492 (665)
354 583 (660)
387 (2089)
378 (1149)
373 (2007)
377 (1149)
105 494 (622)
145 419 (631)
801 862 (674)
350 411 579 (562)
350 411 572 (565)
192 888 935 (505)
461 862 (514)
120 593 895 (579)
411 579 (617)
411 572 (610)
350 411 803 (573)
392 801 862 (637)
350 411 803 842 (541)
21 413 857 (688)
208 290 888 (764)
448 538 (723)
272 (659)
274 (2628)
275 (1692)
276 (2479)
277 (982)
278 (657)
279 (3014)
227 722 (995)
185 471 (680)
198 (1461)
194 (517)
197 (1230)
196 (2096)
190 (531)
193 (925)
192 (2004)
661 947 (637)
605 (1652)
606 (2668)
600 (1192)
608 (999)
70 684 (860)
663 (2354)
661 (2693)
660 (610)
105 494 815 944 (512)
561 888 (678)
350 411 572 579 842 (503)
832 (2062)
830 (841)
538 780 (511)
489 (3420)
487 (3135)
486 (1547)
484 (971)
481 (888)
480 (2309)
345 (801)
346 (3470)
347 (885)
343 (1599)
348 (1226)
349 (2041)
350 803 842 (570)
471 678 (810)
71 766 (673)
21 413 793 (700)
541 631 963 (540)
319 (1371)
177 947 (600)
2 (673)
509 (3044)
500 (1444)
350 572 803 842 (534)
217 510 (547)
217 515 (843)
675 701 (540)
208 458 888 969 (725)
105 862 (616)
661 923 947 (591)
263 (654)
262 (660)
266 (1022)
265 (1359)
268 (885)
217 661 947 (583)
921 (2425)
926 (672)
214 956 (577)
90 309 (536)
411 572 842 (561)
630 (1523)
631 (2793)
632 (1070)
633 (780)
638 (2288)
639 (1572)
648 (653)
510 620 (509)
175 766 (552)
694 (2847)
185 960 (677)
357 (1142)
355 (958)
354 (5835)
352 (902)
351 (1641)
350 (3069)
354 722 (566)
572 579 (601)
887 (1671)
100 362 (595)
236 956 (521)
158 617 (637)
354 617 (680)
54 944 998 (578)
350 411 572 803 842 (509)
784 (1257)
785 (947)
780 (2306)
782 (2767)
788 (2386)
789 (4309)
217 561 (519)
48 (2472)
46 (543)
44 (903)
45 (1728)
43 (1721)
41 (1353)
470 793 (581)
368 494 682 (591)
458 969 (788)
507 (950)
504 (1296)
795 853 (806)
217 346 515 (809)
217 346 (1336)
411 579 842 (568)
105 815 862 944 (510)
120 (4973)
242 758 (669)
39 419 (511)
496 626 (761)
494 862 944 (550)
708 978 (569)
309 620 (501)
541 956 (570)
569 862 (552)
93 789 (538)
411 572 579 (560)
296 368 (634)
290 458 969 (748)
12 227 390 722 (578)
623 (1845)
622 (826)
626 (874)
624 (915)
629 (893)
628 (1102)
888 969 (810)
631 780 (540)
494 631 (659)
217 661 923 947 (568)
217 546 947 (577)
70 684 819 (700)
354 956 (586)
684 765 819 (699)
12 227 390 (607)
33 283 346 515 (763)
846 (1480)
320 (540)
321 (676)
326 (1488)
327 (662)
325 (1022)
328 (663)
350 411 (624)
354 480 (540)
581 966 (624)
620 (2100)
797 (2684)
795 (3361)
794 (624)
793 (3063)
792 (1306)
790 (1094)
798 (3103)
3 (531)
487 935 (519)
518 (759)
511 (1015)
510 (3281)
513 (1287)
512 (611)
515 (1166)
517 (1201)
516 (1544)
798 862 (513)
638 935 (513)
208 290 458 888 (720)
853 883 (571)
147 (1383)
144 (505)
145 (4559)
143 (1417)
140 (2687)
350 411 842 (566)
411 803 (826)
541 963 (590)
541 (3735)
948 (1149)
949 (1414)
946 (1350)
947 (3690)
944 (2794)
945 (536)
943 (821)
940 (536)
941 (1126)
419 752 (597)
546 661 947 (592)
350 579 (630)
350 572 (613)
32 285 (687)
283 515 (835)
704 825 (1102)
132 638 (540)
339 (695)
335 (1345)
334 (2146)
336 (1071)
290 969 (797)
70 819 (798)
4 716 (576)
541 631 (625)
197 878 (544)
411 579 803 842 (542)
4 (1394)
105 944 (626)
217 546 (599)
350 411 572 803 (535)
651 (1288)
525 (609)
526 (2793)
527 (1185)
521 (1582)
522 (2725)
523 (2244)
528 (576)
411 572 579 842 (531)
157 719 (519)
860 (1255)
766 960 (621)
471 960 (935)
130 274 (544)
155 (697)
154 (1447)
157 (1140)
156 (572)
159 (542)
487 638 (523)
862 895 (635)
950 (1463)
953 (525)
952 (1574)
956 (3626)
322 (1154)
329 (964)
350 572 579 803 842 (503)
571 795 853 (715)
158 354 617 (597)
290 458 888 969 (720)
815 862 944 (552)
944 998 (637)
529 782 (862)
392 862 (881)
242 471 758 (607)
308 (1402)
309 (1262)
300 (582)
304 (805)
307 (702)
39 (4258)
38 (2402)
33 (1460)
32 (4248)
31 (1666)
37 (1249)
36 (528)
35 (1984)
69 871 (515)
706 (1923)
703 (546)
477 766 (525)
579 842 (600)
890 (1437)
897 (1935)
899 (1252)
458 888 (796)
529 829 (584)
90 120 (523)
21 413 (756)
534 (1531)
533 (772)
530 (1263)
538 (3982)
11 (525)
12 (3415)
18 (813)
168 (1538)
164 (744)
160 (987)
161 (2320)
162 (1450)
163 (1256)
593 895 (631)
964 (1518)
966 (3921)
963 (1327)
969 (849)
143 460 (555)
638 888 (529)
70 684 765 (695)
692 766 (535)
208 458 969 (755)
5 (1094)
8 (3090)
105 862 944 (559)
183 541 (529)
318 (812)
310 (1390)
316 (578)
314 (846)
350 579 803 842 (535)
120 510 (542)
21 205 (620)
350 572 803 (563)
581 (2943)
21 918 (511)
217 283 515 (799)
94 428 (508)
883 (4902)
886 (3053)
885 (3043)
884 (1645)
888 (3686)
793 857 (734)
217 546 661 923 947 (559)
571 623 795 (704)
12 722 (740)
540 (1293)
546 (1050)
544 (773)
548 (2843)
550 (1203)
411 579 803 (573)
516 744 (678)
178 (654)
177 (4629)
176 (582)
175 (2791)
174 (579)
173 (1080)
172 (663)
171 (1097)
170 (1203)
75 829 (510)
675 (2976)
675 886 (823)
975 (1764)
973 (512)
970 (2086)
978 (1141)
120 885 (507)
116 673 (577)
70 684 765 819 (630)
914 984 (546)
158 (884)
829 (6810)
826 (2022)
72 937 (628)
505 (791)
580 871 (541)
132 (2641)
136 (707)
494 541 (694)
471 663 871 (568)
283 346 (910)
572 579 803 842 (531)
208 888 969 (771)
571 623 (783)
6 (2149)
494 815 (625)
558 (957)
554 (1114)
557 (587)
185 471 960 (656)
401 571 (708)
33 346 (844)
934 (510)
12 132 (785)
108 (940)
100 (1749)
104 (1158)
105 (1100)
419 665 (533)
903 (711)
900 (1165)
906 (1444)
905 (640)
909 (525)
120 895 (685)
25 (1395)
26 (527)
27 (2165)
21 (2666)
28 (1454)
460 923 (574)
69 285 (513)
692 746 (578)
493 (583)
623 853 (791)
494 682 (714)
33 515 (824)
597 766 (569)
571 853 (793)
236 829 (566)
523 998 (561)
335 509 (639)
298 (778)
299 (522)
294 (1445)
295 (712)
368 529 (640)
494 541 631 963 (513)
470 534 995 (667)
722 (5845)
723 (829)
720 (3864)
494 815 862 944 (502)
720 780 (587)
350 411 572 842 (532)
227 390 722 (907)
568 (956)
569 (2835)
561 (2783)
563 (1065)
565 (640)
567 (1102)
411 572 579 803 (533)
208 290 458 (751)
21 362 (523)
923 (1753)
925 (652)
192 638 (529)
623 795 (805)
115 (1775)
114 (816)
117 (731)
116 (2193)
110 (1801)
112 (2680)
118 (916)
460 (4438)
919 (3710)
918 (3012)
914 (4037)
910 (1695)
913 (1939)
912 (1009)
208 290 458 888 969 (693)
208 888 (829)
350 411 579 803 (535)
105 494 815 862 (500)
7 (997)
17 956 (607)
185 471 678 960 (648)
6 472 (635)
368 460 (502)
280 (2108)
283 (4082)
579 803 (619)
69 362 (757)
120 638 (500)
730 (602)
733 (1141)
732 (799)
735 (1689)
736 (1470)
738 (2129)
217 283 346 (827)
158 354 (644)
349 634 (512)
72 183 (575)
884 937 (594)
75 438 684 (672)
579 (2164)
578 (1290)
573 (1229)
572 (1589)
571 (2902)
577 (1695)
576 (1337)
574 (1297)
663 871 (624)
6 32 (607)
122 (1081)
125 (1287)
126 (1075)
128 (525)
129 (1547)
411 842 (603)
217 546 661 923 (571)
571 623 795 853 (655)
928 (1034)
922 (990)
279 766 (501)
411 803 842 (575)
33 217 (852)
413 793 857 (691)
735 780 (527)
58 354 (643)
120 862 895 (571)
471 758 (694)
538 878 (767)
494 815 944 (553)
368 470 (581)
217 947 (716)
509 937 (643)
597 960 (504)
616 (568)
712 (845)
32 472 (609)
708 (1090)
709 (672)
705 (888)
701 (1283)
279 489 (547)
285 947 (677)
10 (1351)
17 (1683)
390 722 (1042)
640 (932)
647 (551)
704 (1794)
707 (1354)
585 (856)
583 (1389)
580 (1667)
217 661 923 (584)
862 944 (659)
130 (1711)
139 (671)
572 803 (604)
90 (1875)
93 (2777)
95 (841)
94 (1201)
97 (1466)
96 (975)
593 862 (615)
362 918 (532)
70 765 819 (698)
938 (766)
933 (523)
932 (1786)
937 (4681)
935 (1742)
350 411 579 803 842 (509)
346 561 888 (605)
332 (1861)
17 541 (613)
879 (865)
837 (619)
75 775 (787)
57 918 (504)
419 581 (546)
217 888 (539)
529 598 (943)
529 591 (509)
617 885 (632)
217 661 (693)
689 (817)
687 (1762)
546 947 (608)
718 (1238)
716 (1199)
713 (716)
711 (714)
710 (1044)
181 (1235)
185 (1529)
