279 440 581 809 
32 201 274 487 490 516 631 744 
72 234 343 427 528 661 720 780 897 
43 51 120 256 334 412 620 705 740 829 
51 137 276 500 522 538 614 634 809 
29 197 512 529 597 653 798 846 862 878 883 
220 236 368 617 712 814 829 900 947 967 981 
35 80 183 571 623 649 716 718 766 795 831 853 860 
7 57 419 450 606 854 937 975 
192 281 
21 170 214 324 346 368 449 746 750 932 
303 390 
110 151 351 569 605 780 935
173 478 574 684 777 789 887
78 144 198 403 447 460 474 529 530 571 623 673 795 797 853 859 
145 279 390 588 696 810 903 
28 145 160 239 521 627 653 705 706 722 887 902 995 
35 93 151 258 494 541 631 785 963 
71 196 198 210 252 498 510 522 529 583 617 687 766 784 885 913 937 966 
110 175 362 449 460 658 829 832 834 975 
1 112 300 304 419 442 514 529 606 797 800 854 904 975 
28 162 206 289 400 419 591 665 793 851 984 
32 158 354 516 569 583 735 792 901 
25 52 227 373 617 624 798 966 
265 283 377 438 629 674 720 788 844 953 
48 346 469 477 489 504 525 561 605 888 
25 52 120 222 275 403 593 684 686 730 827 862 895 
177 180 205 528 618 732 785 891 
130 274 617 814 820 829 900 
12 120 132 638 885 
26 75 140 177 258 290 326 438 466 486 522 663 999 
69 130 150 204 217 236 279 346 362 561 826 852 888 906 914 
283 375 385 721 731 790 885 
4 93 97 151 373 432 504 579 581 716 789 830 890 966 
40 120 394 480 593 743 745 782 862 872 895 
155 326 419 469 538 571 579 841 874 885 921 932 948 
38 48 196 198 252 319 352 368 498 522 527 529 588 595 676 720 913 
150 204 236 419 826 844 852 906 
168 766 874 885 
215 239 385 460 684 800 923 
27 80 177 229 280 317 390 419 581 597 642 658 752 874 879 966 
25 163 190 581 782 890 898 
8 36 38 101 147 229 274 368 424 529 657 716 778 829 903 925 981 
110 151 351 354 605 780 867 935 
378 487 605 682 714 825 912 
112 142 346 381 435 449 527 552 682 790 795 803 830 940 
93 472 538 571 617 623 795 814 829 844 853 874 900 921 932 
70 129 144 332 692 763 951 
26 82 111 141 629 746 788 956 
67 75 325 692 746 797 966 
14 160 653 
167 280 390 598 774 874 905 966 
39 181 368 387 412 470 481 581 884 
10 27 192 440 494 517 647 711 883 893 982 
120 327 469 593 722 795 810 862 895 
40 122 361 437 460 477 500 509 682 778 890 
73 216 295 304 346 435 527 738 785 803 
45 71 175 224 239 307 362 381 684 707 722 867 910 943 
35 249 733 950 
43 196 242 350 471 556 663 758 871 
39 163 177 490 704 854 981 
8 21 72 97 120 155 348 390 413 438 483 509 513 793 840 857 
126 319 424 499 574 639 765 
7 100 368 419 438 606 735 746 854 966 975 
73 98 104 186 265 350 368 387 411 530 572 579 628 649 803 842 
4 35 242 392 437 468 620 801 862 885 
8 85 143 224 336 346 422 489 567 606 823 844 918 
126 319 499 639 765 
40 175 217 361 477 500 529 594 614 641 738 
32 35 275 526 569 605 694 710 844 952 
8 10 41 93 163 192 438 614 686 829 854 867 
73 177 510 684 936 946 961 
262 294 352 708 853 883 978 
183 298 366 414 
183 204 283 392 407 527 778 797 846 862 906 
168 262 275 294 352 384 427 472 484 561 641 684 708 844 853 874 883 978 
175 597 703 766 910 960 
168 350 362 459 675 701 921 
197 208 290 458 878 888 969 
70 82 234 419 790 797 904 
52 350 510 538 572 579 612 803 842 941 
52 157 347 469 470 534 593 653 659 661 719 774 918 960 
6 12 401 450 507 569 597 718 732 760 912 923 952 
73 183 314 526 544 676 740 914 
246 507 509 569 610 611 682 689 722 778 998 
12 120 132 638 885 
75 198 395 522 525 530 578 673 874 916 999 
21 185 283 296 375 385 471 678 721 731 760 790 885 960 
43 88 259 294 350 362 381 603 682 933 
38 93 140 192 249 362 392 460 540 658 805 829 831 854 
39 172 277 350 411 464 538 572 579 704 803 825 842 
90 120 177 309 510 561 571 620 623 793 795 820 
32 70 72 120 350 368 606 
29 75 325 558 593 595 597 656 670 774 775 846 883 
346 351 477 541 820 967 
217 546 661 757 857 923 937 947 954 964 970 978 
161 283 368 370 469 797 919 923 932 947 977 
207 285 362 387 565 574 709 720 805 862 926 950 
27 242 440 471 494 517 647 758 883 893 982 
35 75 263 300 303 390 456 536 550 722 752 769 886 920 949 